33
20 1 180 0 0
20 2 180 0 0
20 3 180 0 0
20 6 1 0 0
30 6 0 1 0
24 6 0 1 1
18 360 1 0 0
18 359 1 0 0
30 100 3 35 0
30 101 3 35 0
30 200 3 35 0
30 201 3 35 0
30 99 3 37 0
30 100 3 37 0
30 101 3 37 0
30 198 3 37 0
30 199 3 37 0
40 2 180 0 1
40 3 180 0 1
40 4 180 0 1
40 5 180 0 1
40 3 120 1 0
40 4 120 1 0
40 5 120 1 0
40 6 120 1 0
40 7 120 1 0
40 8 120 1 0
40 3 119 59 0
40 4 119 59 0
40 5 119 59 0
40 6 119 59 0
40 7 119 59 0
40 8 119 59 0
----------------------------------o/p-------------
1256.637061
628.318531
628.318531
1239.183769
2826.77889
1809.131508
2.827433
5.654867
41.233404
28.143434
28.143434
15.053465
43.720498
28.405234
28.405234
28.405234
15.315264
2513.278001
2513.270244
2513.270244
2513.262487
1675.748792
1675.748792
1675.050661
1675.050661
1675.050661
1674.352529
1675.981503
1675.283371
1675.283371
1675.283371
1674.58524
1674.58524
---------------------------------------------i/p-------------------
107
100 100000000 1 0 0
100 99999999 5 0 0
100 99999998 10 0 0
100 99999997 20 0 0
100 99999996 30 0 0
100 99999995 60 0 0
100 99999994 2 0 0
28 99999942 247 30 0
49 99999922 130 0 0
45 99999935 323 30 0
42 99999997 132 0 0
45 99999988 7 30 0
14 99999943 303 30 0
54 99999922 40 30 0
52 99999974 296 30 0
15 99999967 32 30 0
34 99999979 19 30 0
48 99999964 127 0 0
33 99999909 245 30 0
6 99999947 114 30 0
23 99999910 268 0 0
35 99999997 84 0 0
54 99999976 322 0 0
32 99999992 161 30 0
53 99999919 348 30 0
20 99999986 115 30 0
30 99999931 23 0 0
34 99999999 195 0 0
10 99999996 317 30 0
43 99999977 171 0 0
7 99999934 185 0 0
43 99999956 196 30 0
26 99999972 21 30 0
32 99999903 137 0 0
14 99999969 174 0 0
40 99999902 185 30 0
23 99999988 142 30 0
49 99999992 180 30 0
18 99999970 115 0 0
47 99999935 46 0 0
22 99999979 202 0 0
26 99999999 135 0 0
43 99999943 350 30 0
45 99999921 136 0 0
27 99999902 215 0 0
9 99999977 15 30 0
10 99999974 169 0 0
18 99999930 243 0 0
25 99999956 198 0 0
31 99999906 286 0 0
49 99999910 43 0 0
28 99999953 350 30 0
27 99999961 265 30 0
51 99999915 47 30 0
49 99999932 103 0 0
30 99999966 55 30 0
34 99999948 322 30 0
23 99999904 84 30 0
46 99999967 132 30 0
8 99999953 149 30 0
17 99999989 305 0 0
16 99999975 288 30 0
50 99999924 175 0 0
29 99999969 327 30 0
27 99999940 156 30 0
10 99999911 14 0 0
48 99999931 127 30 0
10 99999994 320 30 0
31 99999992 243 0 0
49 99999962 9 30 0
6 99999951 168 30 0
36 99999986 243 30 0
14 99999920 59 30 0
9 99999940 169 30 0
22 99999975 177 30 0
19 99999903 80 0 0
5 99999950 48 0 0
9 99999903 16 0 0
53 99999935 104 30 0
14 99999971 338 30 0
52 99999993 273 30 0
10 99999924 173 0 0
35 99999934 53 0 0
25 99999915 240 0 0
10 99999967 16 0 0
33 99999934 317 0 0
33 99999986 77 30 0
38 99999909 339 30 0
38 99999903 40 0 0
44 99999927 351 0 0
13 100000000 117 0 0
20 99999953 334 0 0
10 99999954 200 0 0
5 99999974 187 0 0
18 99999986 235 30 0
9 99999982 233 0 0
34 99999985 237 30 0
22 99999957 203 0 0
52 99999931 259 30 0
28 99999997 195 30 0
13 99999941 108 30 0
29 99999968 126 0 0
52 99999980 333 30 0
35 99999997 30 30 0
38 99999942 140 0 0
5 99999966 203 0 0
37 99999926 140 30 0
----------------------------o/p-----------------
87.266463
436.332313
872.664626
1745.329252
2617.993878
5235.987756
174.532925
153.93804
209.526777
8.835729
184.725648
132.53594
0.855211
114.511052
11.798426
4.908739
15.132005
20.106193
4.751659
0.15708
18.465583
128.2817
50.893801
4.468043
12.256575
5.235988
7.853982
151.320046
2.181662
145.22012
2.138028
24.203353
2.949606
8.936086
10.262536
6.981317
34.622969
10.476339
14.137167
38.554323
8.447394
265.464579
8.067784
141.371669
31.808626
0.353429
0.872665
25.4469
98.17477
16.772614
20.952678
3.420845
28.627763
56.745017
20.952678
11.780972
75.660023
2.308198
46.163959
0.279253
12.610004
1.117011
109.083078
18.347774
3.180863
1.745329
150.796447
0.436332
75.476764
10.476339
0.15708
5.654867
0.855211
1.060288
10.559242
126.012772
5.235988
5.654867
12.256575
0.855211
11.798426
0.872665
10.690142
654.498469
6.981317
9.503318
23.758294
6.300639
504.051088
152.053084
13.273229
6.981317
34.906585
0.218166
4.24115
0.706858
25.220008
4.223697
35.395277
3.420845
0.737402
132.103971
11.798426
5.345071
252.025544
0.218166
5.973389

